37 42 47 52 56 61
65
37 1.2074 0.2222 C#2
47 1.4396 0.1061 B2
49 1.5557 0.1277 C#3
49 1.6834 0.2338 C#3
37 1.9273 0.2222 C#2
47 2.1595 0.2322 B2
49 2.4033 0.2338 C#3
37 2.6471 0.2106 C#2
47 2.8677 0.2322 B2
49 3.1231 0.2106 C#3
37 3.3437 0.2338 C#2
47 3.5875 0.2090 B2
49 3.8313 0.1974 C#3
52 4.0519 0.2090 E3
49 4.2725 0.2554 C#3
47 4.5279 0.1741 B2
49 4.7485 0.2438 C#3
37 4.9923 0.1741 C#2
47 5.2477 0.2322 B2
49 5.5031 0.2338 C#3
37 5.7469 0.2222 C#2
47 5.9791 0.2322 B2
49 6.2229 0.2438 C#3
37 6.4668 0.2106 C#2
47 6.6873 0.2338 B2
43 6.9312 0.2338 G2
43 7.1750 0.2438 G2
43 7.4188 0.2222 G2
42 7.6510 0.2222 F#2
43 7.8832 0.2222 G2
42 8.1154 0.2454 F#2
43 8.3708 0.2222 G2
45 8.6030 0.1858 A2
37 8.8584 0.2322 C#2
47 9.0906 0.1741 B2
49 9.3344 0.2338 C#3
37 9.5782 0.1741 C#2
47 9.8220 0.2322 B2
49 10.0775 0.2106 C#3
37 10.2980 0.2338 C#2
47 10.5419 0.2090 B2
49 10.7857 0.2222 C#3
37 11.0179 0.2322 C#2
47 11.2501 0.2206 B2
49 11.5055 0.2106 C#3
52 11.7261 0.2338 E3
49 11.9699 0.2090 C#3
47 12.1905 0.2322 B2
49 12.4459 0.2670 C#3
37 12.7129 0.1625 C#2
47 12.9567 0.2206 B2
49 13.2005 0.2454 C#3
37 13.4560 0.2338 C#2
47 13.6998 0.2322 B2
49 13.9552 0.2222 C#3
37 14.1874 0.2338 C#2
47 14.4312 0.2222 B2
43 14.6634 0.2322 G2
43 14.8956 0.2338 G2
43 15.1394 0.2338 G2
42 15.3832 0.2338 F#2
43 15.6270 0.2338 G2
42 15.8708 0.2222 F#2
43 16.1030 0.2222 G2
45 16.3352 0.1974 A2
