65
40 1.4164 0.3035 E2
50 1.7299 0.1741 D3
52 1.9273 0.1625 E3
55 2.1014 0.3383 G3
52 2.4497 0.2206 E3
54 2.7516 0.3135 F#3
52 3.0883 0.2438 E3
51 3.4249 0.3151 D#3
52 3.7500 0.3615 E3
40 4.1215 0.3383 E2
40 4.4698 0.3267 E2
40 4.8065 0.3035 E2
55 5.1200 0.3151 G3
40 5.4451 0.2438 E2
55 5.7702 0.3615 G3
54 6.1417 0.6037 F#3
40 6.8383 0.3035 E2
50 7.1517 0.1741 D3
52 7.3491 0.1741 E3
55 7.5349 0.3267 G3
52 7.8716 0.2206 E3
54 8.1850 0.2786 F#3
52 8.5333 0.3035 E3
51 8.8468 0.3367 D#3
52 9.2067 0.3383 E3
40 9.5550 0.3267 E2
40 9.8917 0.3383 E2
40 10.2400 0.3035 E2
55 10.5535 0.3267 G3
40 10.8902 0.3251 E2
55 11.2152 0.3615 G3
54 11.5868 0.5573 F#3
40 12.2485 0.2438 E2
50 12.5620 0.1741 D3
52 12.7594 0.1741 E3
55 12.9451 0.3135 G3
52 13.2702 0.2322 E3
54 13.5721 0.2670 F#3
52 13.9088 0.3151 E3
51 14.2338 0.3367 D#3
52 14.5821 0.3615 E3
40 14.9537 0.3267 E2
40 15.2903 0.3267 E2
40 15.6270 0.3151 E2
55 15.9521 0.2554 G3
40 16.3004 0.3383 E2
55 16.6487 0.3367 G3
54 16.9854 0.5341 F#3
40 17.6356 0.3035 E2
50 17.9490 0.1741 D3
52 18.1464 0.1509 E3
55 18.3089 0.3267 G3
52 18.6456 0.2786 E3
54 18.9591 0.3135 F#3
52 19.2958 0.1858 E3
42 19.5976 0.3383 F#2
43 19.9459 0.2438 G2
40 20.2594 0.3483 E2
48 20.6077 0.3267 C3
47 20.9444 0.3367 B2
40 21.2811 0.3035 E2
46 21.5946 0.2919 A#2
53 21.8964 0.2438 F3
58 22.2215 0.2670 A#3
60 22.5582 0.2090 C4
